Y		LRT		VR1		VR2		Gender		School
-0.6058763		-10.6193		0		0		1		1
0.9911532		8.3807		1		0		1		1
-1.5640939		-12.6193		0		0		0		1
0.112787		14.3807		0		1		1		1
0.7515988		9.3807		1		0		0		1
0.5918959		2.3807		0		1		1		1
0.7515988		9.3807		0		1		1		1
-1.0849851		-7.6193		0		1		0		1
-1.8036484		-4.6193		0		1		0		1
1.3904106		0.3807		0		1		1		1
0.9113018		2.3807		0		1		0		1
0.4321929		-3.6193		0		1		1		1
1.1508562		4.3807		0		1		0		1
-0.3663218		-1.6193		0		1		0		1
1.5501135		14.3807		1		0		1		1
-0.2066189		-10.6193		0		1		0		1
0.3523414		6.3807		0		1		1		1
0.4321929		14.3807		1		0		1		1
-0.9252821		-4.6193		0		1		1		1
1.0710047		1.3807		0		1		0		1
-0.3663218		-9.6193		0		1		0		1
-0.1267674		-7.6193		0		1		0		1
-1.244688		-1.6193		0		1		0		1
-0.2864704		-7.6193		0		1		1		1
-0.4461733		14.3807		0		1		1		1
-0.5260248		-14.6193		0		1		0		1
0.1926385		11.3807		1		0		1		1
-1.4842425		-18.6193		0		0		0		1
1.1508562		10.3807		1		0		1		1
-0.2066189		15.3807		1		0		0		1
-1.404391		-9.6193		0		0		0		1
-0.6857277		-22.6193		0		0		1		1
0.112787		19.3807		1		0		0		1
0.27249		10.3807		0		1		1		1
1.1508562		5.3807		0		1		1		1
0.112787		-1.6193		0		1		0		1
-0.5260248		10.3807		0		1		1		1
0.3523414		1.3807		0		1		1		1
1.1508562		-6.6193		0		1		1		1
0.27249		-13.6193		0		1		0		1
-0.1267674		-7.6193		0		1		1		1
0.5120444		-3.6193		0		1		0		1
0.5120444		16.3807		0		1		0		1
0.9113018		8.3807		1		0		0		1
0.9113018		1.3807		1		0		1		1
-1.0051336		-0.6193		0		1		0		1
0.1926385		6.3807		0		1		1		1
-0.5260247		-13.6193		0		0		1		2
-0.6857277		-8.6193		0		1		0		2
-0.9252821		-20.6193		0		0		1		2
0.4321929		-2.6193		0		1		1		2
0.2724899		13.3807		1		0		1		2
0.7515988		3.3807		0		1		1		2
-0.5260247		-8.6193		0		1		1		2
-0.3663218		8.3807		1		0		0		2
-1.6439454		-5.6193		0		1		0		2
-1.5640939		-12.6193		0		0		0		2
0.2724899		0.3807		0		1		1		2
-1.4043909		-22.6193		0		0		0		2
0.1926384		-4.6193		0		1		1		2
-1.1648365		-34.6193		0		0		0		2
-0.6058762		-1.6193		0		1		1		2
1.8695194		18.3807		1		0		1		2
1.3904105		16.3807		1		0		0		2
-1.7237968		-12.6193		0		1		1		2
-1.244688		8.3807		0		1		1		2
2.6680341		20.3807		1		0		1		2
-1.3245395		-24.6193		0		0		0		2
-1.3245395		-11.6193		0		1		0		2
-0.8454306		-9.6193		0		0		1		2
-0.2066188		-3.6193		0		1		0		2
-1.0051336		-3.6193		0		1		1		2
0.4321929		-2.6193		0		1		0		2
-0.3663218		-3.6193		0		1		0		2
-0.1267674		4.3807		0		1		1		2
-1.1648365		-1.6193		0		1		0		2
-2.0432027		-17.6193		0		0		0		2
0.5120443		-2.6193		0		1		1		2
1.1508561		15.3807		1		0		0		2
-0.5260247		-19.6193		0		0		0		2
0.7515988		-2.6193		1		0		0		2
-0.3663218		-2.6193		0		1		0		2
0.112787		10.3807		0		1		1		2
-0.1267674		3.3807		0		1		1		2
1.2307076		35.3807		1		0		1		2
1.470262		5.3807		1		0		1		2
1.2307076		12.3807		0		1		0		2
1.3105591		-13.6193		0		1		1		2
0.6717473		16.3807		1		0		1		2
-1.3245395		-23.6193		0		0		1		2
-0.3663218		-5.6193		0		1		1		2
1.0710047		0.3807		0		1		1		2
-0.0469159		-11.6193		0		0		0		2
0.6717473		-0.6193		0		1		1		2
-0.6058762		-2.6193		0		1		0		2
-1.0849851		-1.6193		0		1		1		2
-0.5260247		20.3807		1		0		0		2
1.5501135		5.3807		0		1		1		2
0.2724899		5.3807		0		1		0		2
0.3523414		7.3807		1		0		1		2
2.1090738		20.3807		1		0		1		2
-0.6058762		-0.6193		0		1		1		2
1.0710047		9.3807		0		1		1		2
0.4321929		1.3807		0		1		0		2
-1.1648365		-10.6193		0		1		1		2
-0.0469159		-0.6193		1		0		1		2
-1.244688		-4.6193		0		1		1		2
-0.1267674		1.3807		0		1		0		2
-0.5260247		-4.6193		0		1		0		2
2.0292223		16.3807		1		0		1		3
0.6717473		-3.6193		0		1		0		3
0.5918958		8.3807		1		0		0		3
-0.2066188		3.3807		0		1		0		3
1.470262		9.3807		0		1		1		3
0.4321929		3.3807		0		1		1		3
-0.7655792		3.3807		0		1		0		3
0.5918958		1.3807		0		1		0		3
-0.4461733		9.3807		1		0		0		3
0.0329355		-2.6193		0		1		1		3
1.2307076		11.3807		0		1		1		3
-0.7655792		-24.6193		0		0		1		3
0.4321929		7.3807		1		0		0		3
-0.7655792		10.3807		1		0		0		3
0.3523414		-6.6193		0		1		1		3
0.5918958		27.3807		1		0		0		3
-1.4043909		-1.6193		0		0		1		3
1.7896679		18.3807		0		1		1		3
-0.4461733		-5.6193		0		1		1		3
0.0329355		6.3807		0		1		1		3
0.0329355		-7.6193		0		1		1		3
-0.3663218		12.3807		1		0		1		3
-0.0469159		-1.6193		0		1		0		3
1.470262		18.3807		1		0		1		3
-0.5260247		7.3807		0		1		0		3
2.5881827		0.3807		1		0		1		3
-0.0469159		17.3807		0		1		1		3
0.3523414		20.3807		1		0		1		3
1.629965		9.3807		1		0		1		3
-1.3245395		-10.6193		0		1		0		3
-1.8834998		-18.6193		0		1		1		3
-0.6857277		-3.6193		0		1		1		3
-0.0469159		-0.6193		0		1		0		3
-1.8834998		-12.6193		0		1		1		3
-0.3663218		15.3807		0		1		1		3
0.5918958		1.3807		0		1		0		3
-0.0469159		9.3807		0		1		0		3
-1.8036483		-10.6193		0		1		0		3
0.5120443		5.3807		1		0		1		3
0.9113017		11.3807		0		1		1		3
-1.4842424		-13.6193		0		0		1		3
-1.4043909		5.3807		0		1		1		3
1.0710047		17.3807		0		1		0		3
-0.2864703		-1.6193		0		1		1		3
-1.0849851		-5.6193		0		1		1		3
-0.2864703		-10.6193		0		1		0		3
0.9911532		10.3807		0		1		1		3
1.629965		7.3807		1		0		0		3
-0.5260247		-7.6193		0		1		1		3
1.470262		19.3807		1		0		1		3
0.6717473		11.3807		1		0		1		3
-0.6857277		0.3807		0		0		1		3
0.4321929		18.3807		1		0		1		3
-0.6058762		-12.6193		0		0		1		3
0.5918958		7.3807		1		0		0		3
0.112787		-0.6193		0		1		0		3
-0.6857277		5.3807		0		1		0		3
1.2307076		13.3807		0		1		1		3
-0.9252821		-7.6193		0		1		0		3
-0.0469159		-1.6193		0		1		1		3
-1.244688		-2.6193		0		0		1		3
0.112787		26.3807		0		1		1		3
-1.1648365		0.3807		0		1		0		3
-0.6857277		6.3807		0		1		1		3
-1.0849851		7.3807		0		1		1		3
1.3904105		4.3807		0		1		1		3
1.9493709		23.3807		1		0		1		3
-1.0849851		12.3807		0		1		0		3
-0.4461733		-7.6193		0		1		1		3
2.1090738		18.3807		1		0		1		3
-1.1648365		10.3807		0		1		0		3
-0.5260247		-12.6193		0		1		0		3
-0.2066188		0.3807		1		0		0		3
0.3523414		6.3807		1		0		1		3
1.7896679		15.3807		0		1		1		3
1.629965		-0.6193		1		0		0		3
0.3523414		9.3807		0		1		0		3
-1.0051336		-15.6193		0		1		0		3
0.6717473		-3.6193		0		1		1		3
1.5501135		17.3807		1		0		1		3
-0.2066188		8.3807		0		1		0		3
2.0292223		25.3807		1		0		0		3
-0.0469159		10.3807		0		1		0		3
0.3523414		-5.6193		0		1		1		3
0.1926384		13.3807		1		0		0		3
0.9911532		10.3807		1		0		1		3
-0.2864703		-5.6193		0		1		0		3
-1.244688		4.3807		0		1		0		3
-0.1267674		13.3807		0		1		1		3
0.9911532		35.3807		1		0		1		3
-0.6857277		-12.6193		0		1		1		3
-0.5260247		3.3807		0		1		1		3
0.8314502		23.3807		1		0		1		3
1.2307076		19.3807		0		1		1		3
0.9911532		19.3807		0		1		1		3
0.7515988		20.3807		1		0		1		3
1.0710047		4.3807		1		0		1		3
-0.7655792		0.3807		0		1		0		3
0.5918958		9.3807		0		1		0		3
-0.9252821		-22.6193		0		0		1		3
-0.2864703		5.3807		0		1		0		3
-1.5640939		-4.6193		0		1		0		3
0.2724899		3.3807		0		1		0		3
-0.4461733		6.3807		0		1		0		3
0.8314502		-21.6193		0		1		0		3
-1.1648365		-12.6193		0		1		0		3
0.7515988		5.3807		1		0		0		3
-0.0469159		5.3807		0		1		0		3
-1.7237968		-17.6193		0		0		0		3
-1.3245395		7.3807		0		1		0		3
1.3904105		24.3807		1		0		1		3
1.0710047		17.3807		1		0		1		3
0.8314502		12.3807		0		1		0		3
-1.0849851		-5.6193		0		1		1		3
1.7098164		2.3807		0		1		1		3
-0.1267674		5.3807		1		0		1		3
-0.2066188		11.3807		1		0		0		3
-1.0051336		8.3807		0		1		0		3
1.7098164		29.3807		1		0		0		3
-0.3663218		-6.6193		0		1		1		3
1.470262		4.3807		0		1		0		3
1.5501135		22.3807		0		1		1		3
0.9911532		-1.6193		0		1		1		3
1.2307076		5.3807		1		0		1		3
-0.8454306		-12.6193		0		1		0		3
-0.1267674		12.3807		0		1		1		3
0.5918958		15.3807		0		1		0		3
0.7515988		23.3807		1		0		0		3
1.3904105		7.3807		1		0		1		3
0.4321929		8.3807		1		0		1		3
0.112787		23.3807		1		0		0		3
0.3523414		0.3807		0		1		0		3
0.2724899		-2.6193		0		1		0		3
-1.4842424		-9.6193		0		1		1		3
0.1926384		2.3807		0		1		0		3
2.1889253		23.3807		1		0		0		3
0.2724899		-8.6193		0		0		0		3
-1.4043909		4.3807		0		1		1		3
-1.3245395		1.3807		0		1		0		3
1.470262		21.3807		1		0		1		3
1.0710047		3.3807		0		1		0		3
0.0329355		8.3807		1		0		1		3
-0.2864703		-6.6193		0		1		1		3
2.1889253		18.3807		1		0		0		3
0.1926384		-12.6193		0		1		0		3
-1.4043909		-7.6193		0		1		0		3
0.0329355		-0.6193		0		1		0		3
0.8314502		12.3807		1		0		1		3
-1.8834998		-9.6193		0		1		0		3
-0.1267674		4.3807		0		1		1		3
-0.1267674		-8.6193		0		0		0		3
0.8314502		4.3807		0		1		1		3
-0.0469159		2.3807		0		1		1		3
2.2687768		22.3807		1		0		0		3
0.5120443		8.3807		0		1		1		3
1.2307076		16.3807		0		1		0		3
0.7515988		13.3807		0		1		1		3
1.470262		11.3807		1		0		1		3
0.0329355		7.3807		0		1		0		3
1.470262		6.3807		1		0		0		3
0.1926384		18.3807		0		1		1		3
0.2724899		6.3807		1		0		0		3
0.0329355		10.3807		0		1		1		3
0.5918958		10.3807		1		0		1		3
-1.0849851		-11.6193		0		1		0		3
0.8314502		7.3807		1		0		1		3
-1.7237968		-0.6193		0		1		1		3
1.3904105		18.3807		1		0		0		3
-1.1648365		4.3807		1		0		0		3
0.6717473		4.3807		0		1		1		3
-0.6857277		-7.6193		0		1		0		3
-0.6857277		0.3807		0		1		0		3
-1.0051336		8.3807		1		0		1		3
-0.6857277		4.3807		0		1		0		3
0.9911532		12.3807		1		0		0		3
1.470262		5.3807		1		0		1		3
-0.0469159		2.3807		1		0		1		3
1.9493709		22.3807		1		0		1		3
1.0710047		13.3807		1		0		1		3
-0.2066188		-5.6193		0		1		0		3
-0.0469159		2.3807		0		1		1		3
1.3904105		5.3807		0		1		1		3
0.6717473		2.3807		0		1		0		3
0.4321929		-9.6193		0		1		1		3
0.8314502		-1.6193		0		1		1		3
-0.2066188		3.3807		0		1		1		3
1.1508561		6.3807		0		1		0		3
-0.2864703		3.3807		0		1		1		3
1.2307076		-11.6193		0		1		1		3
-0.5260247		1.3807		0		1		0		3
-0.6058762		-12.6193		0		0		1		3
0.112787		17.3807		1		0		0		3
0.4321929		7.3807		0		1		0		3
-1.4043909		-4.6193		0		1		0		3
-0.9252821		8.3807		1		0		1		3
-1.6439454		-14.6193		0		1		0		3
1.470262		9.3807		1		0		1		3
0.7515988		13.3807		1		0		0		3
-0.8454306		-6.6193		0		1		1		4
-0.1267674		3.3807		1		0		1		4
-0.6058762		-8.6193		0		1		1		4
-0.0469159		0.3807		0		1		1		4
0.2724899		11.3807		1		0		0		4
2.5881827		12.3807		1		0		0		4
1.9493709		20.3807		1		0		1		4
0.4321929		13.3807		1		0		0		4
-1.1648365		13.3807		1		0		0		4
1.9493709		21.3807		1		0		0		4
2.1889253		17.3807		1		0		1		4
0.8314502		1.3807		1		0		1		4
0.1926384		3.3807		1		0		1		4
0.3523414		-1.6193		0		1		0		4
0.6717473		0.3807		0		1		1		4
-0.4461733		3.3807		0		1		1		4
-0.6058762		-8.6193		0		1		0		4
0.8314502		14.3807		0		1		0		4
-0.3663218		-11.6193		0		0		0		4
-1.7237968		-9.6193		0		1		1		4
1.3904105		14.3807		1		0		0		4
-0.8454306		-6.6193		0		1		0		4
0.5120443		4.3807		0		1		1		4
-1.244688		-1.6193		0		1		0		4
1.0710047		15.3807		1		0		1		4
0.5120443		17.3807		1		0		0		4
1.3904105		15.3807		1		0		1		4
-0.4461733		9.3807		1		0		1		4
-0.2864703		16.3807		1		0		1		4
-0.1267674		-2.6193		0		1		0		4
-0.8454306		1.3807		0		1		0		4
-1.4842424		2.3807		0		1		1		4
0.3523414		0.3807		1		0		0		4
-1.4842424		-10.6193		0		1		0		4
-0.0469159		-2.6193		0		1		0		4
-0.8454306		-3.6193		0		1		1		4
-0.1267674		-5.6193		0		1		1		4
0.9113017		14.3807		1		0		1		4
-0.9252821		-1.6193		0		1		0		4
-0.9252821		-1.6193		0		1		0		4
0.2724899		7.3807		1		0		1		4
-0.2066188		7.3807		1		0		1		4
-1.0849851		-11.6193		0		1		0		4
-1.0051336		-15.6193		0		0		1		4
-0.8454306		-10.6193		0		1		1		4
0.0329355		-0.6193		1		0		1		4
1.7896679		4.3807		1		0		1		4
-0.2066188		2.3807		0		1		1		4
2.2687768		10.3807		0		1		1		4
0.0329355		-6.6193		0		1		0		4
-1.1648365		3.3807		0		1		0		4
-1.0849851		-11.6193		1		0		1		4
0.112787		18.3807		1		0		1		4
-0.6058762		-5.6193		0		1		0		4
2.5083312		20.3807		1		0		1		4
1.2307076		15.3807		1		0		0		4
-0.6857277		-6.6193		0		1		0		4
-0.8454306		-7.6193		0		1		1		4
0.6717473		-4.6193		1		0		1		4
0.5918958		26.3807		0		0		1		4
1.3904105		16.3807		0		1		0		4
1.9493709		9.3807		1		0		0		4
0.0329355		5.3807		1		0		0		4
0.2724899		4.3807		0		1		1		4
-0.3663218		5.3807		0		1		0		4
0.8314502		5.3807		0		1		1		4
-0.1267674		-3.6193		0		1		0		4
0.8314502		19.3807		0		1		0		4
-1.9633513		-6.6193		0		0		0		4
1.629965		8.3807		1		0		1		4
1.470262		14.3807		1		0		0		4
-1.3245395		4.3807		0		1		1		4
0.3523414		0.3807		0		1		0		4
-0.6058762		12.3807		1		0		1		4
-0.1267674		1.3807		1		0		1		4
-0.5260247		7.3807		0		1		0		4
-0.5260247		20.3807		1		0		0		4
1.9493709		10.3807		1		0		0		4
-1.0051336		0.3807		1		0		1		4
0.0329355		1.3807		0		1		1		4
-1.4842424		-4.6193		0		1		0		4
0.9113017		-6.6193		1		0		1		4
1.3904105		20.3807		1		0		0		4
-0.2066188		-11.6193		0		1		0		4
0.8314502		0.3807		1		0		0		4
0.9911532		18.3807		1		0		0		4
-0.3663218		9.3807		1		0		0		4
-0.7655792		-0.6193		1		0		0		4
-0.6058762		8.3807		0		1		0		4
-0.2066188		1.3807		0		1		1		4
0.112787		8.3807		1		0		0		4
0.6717473		12.3807		0		1		1		5
-0.8454306		6.3807		0		1		1		5
0.9911532		-14.6193		0		1		1		5
1.3105591		7.3807		0		1		1		5
1.0710047		14.3807		1		0		1		5
-0.7655792		8.3807		1		0		1		5
-0.0469159		11.3807		0		1		1		5
0.112787		18.3807		1		0		1		5
0.9113017		24.3807		1		0		1		5
0.0329355		17.3807		0		1		1		5
0.0329355		-5.6193		0		1		1		5
-0.8454306		28.3807		0		1		1		5
0.3523414		12.3807		1		0		1		5
0.112787		5.3807		1		0		1		5
-0.2066188		0.3807		0		1		1		5
-1.7237968		0.3807		0		1		1		5
0.8314502		14.3807		1		0		1		5
0.112787		13.3807		1		0		1		5
-0.9252821		-6.6193		0		1		1		5
0.5120443		-4.6193		0		1		1		5
-0.4461733		5.3807		0		1		1		5
0.5918958		18.3807		1		0		1		5
-0.0469159		5.3807		0		1		1		5
-1.5640939		-2.6193		0		1		1		5
-1.8036483		1.3807		0		1		1		5
-0.9252821		6.3807		0		1		1		5
0.5120443		0.3807		1		0		1		5
0.5120443		8.3807		0		1		1		5
-0.6857277		-6.6193		0		1		1		5
-0.3663218		16.3807		0		1		1		5
-0.2066188		8.3807		1		0		1		5
0.0329355		7.3807		0		1		1		5
-0.4461733		-1.6193		0		1		1		5
-1.0051336		-8.6193		0		0		1		5
-1.7237968		-6.6193		0		1		1		5
0.5120443		11.3807		0		1		1		5
-1.4842424		4.3807		0		1		1		5
0.6717473		7.3807		0		1		1		5
1.0710047		2.3807		1		0		1		5
-0.7655792		-3.6193		0		1		1		5
0.8314502		7.3807		1		0		1		5
-0.6058762		-2.6193		0		1		1		5
-0.3663218		8.3807		0		1		1		5
-1.4043909		-6.6193		0		1		1		5
-0.5260247		16.3807		0		1		1		5
-1.244688		-17.6193		0		1		1		5
-0.2066188		-0.6193		0		1		1		5
-1.1648365		-3.6193		0		0		1		5
-0.1267674		11.3807		1		0		1		5
-0.3663218		4.3807		0		1		1		5
-0.0469159		3.3807		0		1		1		5
-0.2864703		-19.6193		0		1		1		5
-0.3663218		20.3807		0		1		1		5
-0.7655792		-15.6193		0		0		1		5
-0.6058762		-0.6193		0		1		1		5
0.2724899		8.3807		0		1		1		5
0.2724899		1.3807		0		1		1		5
0.9113017		18.3807		1		0		1		5
0.5918958		3.3807		0		1		1		5
0.8314502		9.3807		1		0		1		5
1.5501135		15.3807		1		0		1		5
-1.1648365		0.3807		0		1		1		5
0.112787		8.3807		1		0		1		5
0.2724899		11.3807		1		0		1		5
-0.2864703		-0.6193		0		1		1		5
1.2307076		15.3807		1		0		1		5
0.8314502		18.3807		1		0		1		5
0.9113017		9.3807		1		0		1		5
-0.5260247		-2.6193		0		1		1		5
-0.0469159		2.3807		0		1		1		5
-0.2066188		13.3807		0		1		1		5
-0.6857277		-9.6193		0		1		1		5
0.7515988		13.3807		1		0		1		5
-1.1648365		-18.6193		0		0		1		5
-0.9252821		3.3807		0		1		1		5
-0.7655792		2.3807		0		1		1		5
-0.2864703		-10.6193		0		1		1		5
-0.2864703		8.3807		0		1		1		5
-0.4461733		-6.6193		0		1		1		5
0.112787		24.3807		1		0		1		5
-0.8454306		-2.6193		0		1		1		5
-0.0469159		15.3807		0		1		1		5
-0.7655792		6.3807		1		0		1		5
1.1508561		7.3807		1		0		1		5
-0.7655792		5.3807		1		0		1		5
0.112787		7.3807		0		1		1		5
0.5918958		14.3807		1		0		1		5
-0.6857277		-11.6193		0		0		1		5
-0.8454306		-8.6193		0		1		1		6
0.7515988		-2.6193		0		1		0		6
0.5120443		12.3807		1		0		1		6
-1.9633513		-19.6193		0		0		1		6
-0.2864703		-5.6193		0		1		0		6
-0.2066188		-25.6193		0		0		0		6
-1.4842424		-23.6193		0		0		0		6
-0.1267674		-0.6193		0		1		1		6
-0.5260247		3.3807		0		1		1		6
-1.1648365		-13.6193		0		0		1		6
-1.4043909		-5.6193		0		1		1		6
1.0710047		17.3807		0		1		1		6
0.1926384		-7.6193		0		1		1		6
1.1508561		-1.6193		1		0		1		6
-0.1267674		-19.6193		0		1		1		6
-0.8454306		-3.6193		0		1		1		6
0.7515988		15.3807		1		0		0		6
1.7098164		21.3807		1		0		1		6
-1.244688		1.3807		0		1		1		6
-1.0849851		-5.6193		0		1		0		6
-1.9633513		-20.6193		0		0		1		6
0.5120443		5.3807		0		1		1		6
-0.3663218		5.3807		1		0		1		6
0.1926384		-27.6193		0		0		1		6
-0.9252821		-7.6193		0		1		1		6
-0.2066188		-1.6193		0		1		1		6
0.112787		7.3807		0		1		0		6
-0.3663218		12.3807		1		0		0		6
0.5120443		-5.6193		0		1		0		6
-0.1267674		-12.6193		0		1		1		6
0.5918958		8.3807		0		1		1		6
0.5120443		28.3807		0		1		1		6
-0.3663218		-1.6193		0		1		1		6
-1.0051336		-2.6193		0		1		0		6
0.8314502		-0.6193		0		1		0		6
-1.6439454		-24.6193		0		1		0		6
1.470262		8.3807		1		0		1		6
-0.3663218		-19.6193		0		0		0		6
0.2724899		13.3807		1		0		1		6
1.470262		23.3807		1		0		0		6
-0.5260247		9.3807		0		1		1		6
1.629965		21.3807		1		0		1		6
0.7515988		-4.6193		0		1		1		6
-0.1267674		10.3807		1		0		1		6
-1.9633513		-17.6193		0		0		1		6
0.0329355		-5.6193		0		1		1		6
-1.0849851		-11.6193		0		0		1		6
-1.244688		3.3807		0		1		0		6
1.3904105		12.3807		0		1		1		6
0.5918958		28.3807		1		0		0		6
-0.2864703		-9.6193		0		1		1		6
-0.2864703		4.3807		0		0		1		6
-0.0469159		-0.6193		0		1		1		6
0.4321929		8.3807		0		1		1		6
-0.7655792		5.3807		0		1		1		6
-1.244688		-31.6193		0		1		0		6
0.9911532		8.3807		0		1		1		6
1.1508561		8.3807		1		0		1		6
-0.3663218		-13.6193		0		1		1		6
1.5501135		21.3807		1		0		1		6
-0.7655792		-3.6193		1		0		1		6
0.5120443		0.3807		1		0		1		6
1.8695194		6.3807		0		1		0		6
-0.1267674		-7.6193		0		1		1		6
0.4321929		-22.6193		0		0		1		6
0.5918958		-9.6193		0		1		1		6
-0.1267674		-4.6193		0		1		1		6
-1.3245395		-16.6193		0		0		1		6
-0.4461733		-8.6193		0		1		1		6
-0.9252821		2.3807		0		1		0		6
1.1508561		14.3807		1		0		0		6
1.7896679		12.3807		1		0		1		6
0.112787		4.3807		0		1		1		6
-0.2864703		9.3807		0		1		1		6
-1.0849851		-0.6193		0		1		1		6
-1.3245395		-2.6193		0		1		1		6
0.1926384		-4.6193		0		1		1		6
-1.1648365		-16.6193		0		1		0		6
-0.4461733		7.3807		0		1		1		6
0.112787		7.3807		0		1		1		6
-0.2066188		0.3807		0		1		1		6
0.2724899		8.3807		1		0		1		6
0.3523414		-1.6193		0		1		0		6
-1.0051336		0.3807		0		1		1		6
-1.5640939		0.3807		1		0		0		6
0.112787		6.3807		1		0		0		6
-0.2066188		-16.6193		0		1		1		6
-0.6058762		-6.6193		0		1		1		6
-0.6058762		-6.6193		0		1		1		6
-0.0469159		20.3807		1		0		0		6
-0.2864703		20.3807		1		0		1		6
-0.9252821		3.3807		1		0		1		6
-0.9252821		-2.6193		0		1		0		6
-0.5260247		9.3807		0		1		1		6
1.3105591		14.3807		1		0		1		6
-0.6058762		-3.6193		0		0		1		6
-1.6439454		2.3807		0		1		1		6
0.9113017		1.3807		0		1		1		6
-1.4043909		-4.6193		0		0		1		6
0.9911532		1.3807		0		1		1		6
1.3105591		37.3807		1		0		1		6
-0.0469159		-12.6193		0		1		1		6
0.4321929		-10.6193		0		1		1		6
0.5918958		4.3807		1		0		1		6
0.5918958		5.3807		1		0		1		6
1.629965		-9.6193		0		1		1		6
1.470262		-4.6193		0		1		1		6
-1.8036483		-10.6193		0		1		1		6
0.0329355		2.3807		0		1		1		6
-0.8454306		-2.6193		0		1		1		6
0.1926384		3.3807		0		1		1		6
0.4321929		4.3807		0		1		1		6
0.9911532		10.3807		1		0		1		6
-0.3663218		-19.6193		0		0		0		6
-0.3663218		-1.6193		0		1		1		6
1.3105591		6.3807		0		1		1		6
0.4321929		17.3807		1		0		0		6
0.5918958		1.3807		1		0		1		6
-0.4461733		1.3807		0		1		1		6
0.8314502		7.3807		1		0		1		6
-0.2864703		-9.6193		0		1		1		6
-0.6857277		-2.6193		0		1		1		6
-0.8454306		-6.6193		0		1		0		6
-1.6439454		-34.6193		0		0		0		6
-0.7655792		2.3807		0		1		1		6
-2.1230542		-21.6193		0		0		0		6
-1.244688		1.3807		0		1		1		7
2.5881827		20.3807		1		0		1		7
-0.6857277		-6.6193		0		1		1		7
-0.0469159		-6.6193		0		1		1		7
-0.3663218		7.3807		0		1		1		7
1.0710047		-4.6193		1		0		1		7
-0.3663218		-0.6193		0		1		1		7
-0.4461733		1.3807		0		1		1		7
-0.6857277		12.3807		0		1		1		7
-0.0469159		0.3807		0		1		1		7
0.9113017		0.3807		1		0		1		7
0.9911532		3.3807		1		0		1		7
-0.4461733		4.3807		0		1		1		7
-0.6857277		-11.6193		0		1		1		7
-1.0849851		8.3807		0		1		1		7
-0.1267674		10.3807		0		1		1		7
0.5120443		12.3807		1		0		1		7
-1.0051336		4.3807		0		1		1		7
0.112787		1.3807		0		1		1		7
1.2307076		11.3807		1		0		1		7
-0.2864703		1.3807		0		1		1		7
0.5918958		6.3807		1		0		1		7
0.112787		7.3807		1		0		1		7
0.7515988		0.3807		0		1		1		7
-0.2066188		-3.6193		0		1		1		7
-0.3663218		7.3807		1		0		1		7
-0.7655792		2.3807		0		1		1		7
-1.5640939		-2.6193		0		1		1		7
-1.0849851		7.3807		0		1		1		7
0.4321929		2.3807		1		0		1		7
-0.6857277		1.3807		0		1		1		7
-0.7655792		-1.6193		0		1		1		7
0.6717473		-7.6193		0		1		1		7
-1.244688		-6.6193		0		1		1		7
0.3523414		5.3807		1		0		1		7
1.1508561		4.3807		0		1		1		7
2.0292223		-5.6193		0		1		1		7
-0.5260247		-6.6193		0		1		1		7
0.0329355		11.3807		0		1		1		7
0.7515988		0.3807		0		1		1		7
-0.0469159		6.3807		0		1		1		7
1.7896679		7.3807		1		0		1		7
0.112787		7.3807		1		0		1		7
0.112787		8.3807		1		0		1		7
-0.2066188		1.3807		0		1		1		7
0.4321929		2.3807		0		1		1		7
-1.0051336		9.3807		0		1		1		7
0.112787		5.3807		0		1		1		7
-0.6857277		-10.6193		0		0		1		7
0.0329355		-6.6193		0		0		1		7
-0.2066188		-1.6193		0		1		1		7
-0.4461733		-8.6193		0		1		1		7
-0.6058762		6.3807		0		1		1		7
1.7896679		3.3807		0		1		1		7
-1.0849851		-5.6193		0		1		1		7
0.9113017		5.3807		1		0		1		7
-0.2066188		2.3807		0		1		1		7
-0.0469159		5.3807		0		1		1		7
1.0710047		-16.6193		0		1		1		7
-0.2066188		-6.6193		0		1		1		7
1.8695194		20.3807		1		0		1		7
0.4321929		8.3807		0		1		1		7
-0.0469159		-3.6193		1		0		1		7
1.7896679		24.3807		1		0		1		7
-0.9252821		15.3807		0		1		1		7
0.9113017		8.3807		0		1		1		7
1.2307076		-0.6193		0		1		1		7
0.9113017		-4.6193		0		1		1		7
-0.6857277		0.3807		0		1		1		7
1.7098164		16.3807		1		0		1		7
-0.3663218		14.3807		0		1		1		7
-1.1648365		-11.6193		0		1		1		7
-0.3663218		12.3807		1		0		1		7
-0.6058762		5.3807		0		1		1		7
-1.3245395		-6.6193		0		1		1		7
-1.0051336		-3.6193		0		1		1		7
0.8314502		8.3807		1		0		1		7
1.2307076		7.3807		1		0		1		7
1.7896679		16.3807		1		0		1		7
-0.4461733		-8.6193		0		1		1		7
-0.5260247		-0.6193		0		1		1		7
0.112787		9.3807		1		0		1		7
1.629965		0.3807		0		1		1		7
0.9911532		-17.6193		0		1		1		7
-1.0051336		-3.6193		0		1		1		7
1.5501135		0.3807		1		0		1		7
-0.0469159		-5.6193		0		0		1		7
-1.7237968		-6.6193		0		0		1		7
0.6717473		5.3807		0		1		1		7
-0.8454306		5.3807		1		0		1		7
-1.0051336		-1.6193		0		1		1		7
0.5120443		6.3807		0		1		1		7
-1.8036483		3.3807		0		1		1		7
-1.0051336		6.3807		1		0		1		7
0.112787		4.3807		0		1		1		7
1.470262		6.3807		1		0		1		7
0.5120443		-8.6193		0		1		1		7
-0.7655792		-3.6193		0		1		1		7
1.0710047		7.3807		1		0		1		7
1.3105591		11.3807		1		0		1		7
1.1508561		2.3807		0		1		1		7
0.5120443		2.3807		0		1		1		7
0.9113017		5.3807		0		1		1		7
1.2307076		15.3807		1		0		1		7
1.0710047		9.3807		0		1		1		7
-0.9252821		-0.6193		0		1		1		7
0.1926384		-7.6193		0		1		1		7
0.1926384		5.3807		0		1		1		7
-0.0469159		10.3807		1		0		1		7
0.6717473		8.3807		1		0		1		7
0.4321929		-2.6193		0		1		1		7
0.1926384		-1.6193		0		1		1		7
0.5918958		14.3807		1		0		1		7
-0.0469159		10.3807		1		0		1		7
-0.5260247		4.3807		0		1		1		7
-0.2864703		2.3807		0		1		1		7
0.7515988		7.3807		1		0		1		7
0.112787		9.3807		1		0		1		7
-1.4842424		-16.6193		0		1		0		8
0.5120443		7.3807		0		1		1		8
0.6717473		4.3807		1		0		0		8
1.7896679		7.3807		1		0		1		8
-0.0469159		14.3807		0		1		0		8
1.9493709		9.3807		1		0		1		8
1.629965		21.3807		1		0		1		8
-1.0051336		4.3807		0		1		0		8
-0.2864703		3.3807		1		0		0		8
0.5120443		11.3807		1		0		0		8
0.4321929		11.3807		1		0		0		8
0.6717473		4.3807		1		0		0		8
0.8314502		-3.6193		0		1		1		8
-0.7655792		-2.6193		0		1		0		8
1.7896679		13.3807		1		0		1		8
-0.6058762		6.3807		0		1		0		8
-1.244688		0.3807		0		1		0		8
1.7896679		3.3807		1		0		1		8
0.0329355		4.3807		0		1		0		8
1.629965		15.3807		1		0		0		8
-0.7655792		8.3807		0		1		0		8
-0.6857277		2.3807		0		1		0		8
2.34862828		11.3807		1		0		1		8
0.99115323		0.3807		0		1		1		8
0.03293554		3.3807		0		1		0		8
-0.60587625		-8.6193		0		1		0		8
1.23070765		14.3807		1		0		0		8
-0.60587625		10.3807		0		1		1		8
-0.7655792		3.3807		0		1		1		8
-0.12676741		-0.6193		0		1		1		8
0.59189586		0.3807		0		1		0		8
-0.04691593		2.3807		1		0		0		8
0.67174733		13.3807		0		1		0		8
-0.12676741		-4.6193		0		1		0		8
0.11278701		14.3807		1		0		1		8
0.43219291		7.3807		0		1		1		8
0.7515988		12.3807		0		1		0		8
0.59189586		8.3807		0		1		0		8
1.39041059		3.3807		0		1		0		8
1.62996502		15.3807		1		0		1		8
0.91130175		-0.6193		0		1		0		8
0.99115323		13.3807		0		1		0		8
-0.68572773		-3.6193		0		1		0		8
-0.7655792		-13.6193		0		1		0		8
1.94937091		9.3807		1		0		1		8
-1.16483657		-9.6193		0		1		0		8
-0.60587625		14.3807		0		1		1		8
2.10907386		11.3807		1		0		1		8
0.19263849		11.3807		1		0		1		8
0.59189586		-1.6193		1		0		1		8
0.7515988		14.3807		1		0		0		8
-1.40439099		4.3807		0		1		1		8
2.02922239		17.3807		1		0		0		8
0.43219291		4.3807		1		0		1		8
-0.68572773		-3.6193		0		1		0		8
-0.92528215		4.3807		0		1		0		9
1.15085617		30.3807		1		0		0		9
0.35234143		9.3807		1		0		0		9
0.43219291		-10.6193		0		0		1		9
-0.20661888		-0.6193		1		0		0		9
1.55011354		0.3807		1		0		1		9
-0.60587625		0.3807		0		0		1		9
2.18892533		12.3807		1		0		1		9
0.19263849		-9.6193		0		0		0		9
0.67174733		-11.6193		0		0		0		9
1.70981649		1.3807		0		1		0		9
-1.88349983		-15.6193		0		0		0		9
0.03293554		1.3807		0		1		1		9
1.62996502		14.3807		1		0		0		9
-0.366321		-5.6193		0		1		1		9
0.1926384		-10.6193		0		1		1		9
0.7515988		-6.6193		0		1		0		9
1.629965		19.3807		1		0		1		9
-0.0469159		9.3807		0		1		1		9
-0.1267674		-6.6193		0		0		1		9
1.3904105		7.3807		1		0		0		9
1.3105591		24.3807		1		0		0		9
-0.2066188		0.3807		0		1		0		9
-0.2864703		9.3807		0		1		1		9
0.2724899		4.3807		1		0		0		9
2.0292223		29.3807		1		0		0		9
2.0292223		20.3807		1		0		1		9
1.5501135		18.3807		0		1		1		9
0.9113017		1.3807		0		1		1		9
1.5501135		20.3807		1		0		1		9
1.9493709		29.3807		1		0		1		9
0.3523414		10.3807		0		1		0		9
0.8314502		7.3807		0		1		0		9
1.5501135		8.3807		1		0		0		9
1.1508561		11.3807		1		0		0		9
1.3105591		20.3807		1		0		0		9
-0.1267674		1.3807		0		1		1		9
1.2307076		-10.6193		0		1		0		9
0.5120443		3.3807		0		1		1		9
-0.3663218		-11.6193		0		0		1		10
0.9113017		4.3807		1		0		1		10
0.9911532		-8.6193		0		1		1		10
-0.2864703		1.3807		0		1		1		10
-0.4461733		-1.6193		0		1		1		10
0.5120443		-3.6193		0		1		1		10
0.5120443		9.3807		0		1		1		10
0.8314502		14.3807		1		0		1		10
0.5918958		1.3807		0		1		1		10
0.5918958		11.3807		0		1		1		10
1.3904105		-1.6193		1		0		1		10
0.0329355		-6.6193		0		1		1		10
1.629965		10.3807		0		1		1		10
1.7896679		14.3807		1		0		1		10
0.5918958		-6.6193		0		1		1		10
1.470262		6.3807		1		0		1		10
2.2687768		24.3807		1		0		1		10
0.112787		-1.6193		0		1		1		10
1.470262		12.3807		1		0		1		10
-0.9252821		4.3807		0		1		1		10
1.3904105		17.3807		1		0		1		10
0.8314502		13.3807		0		1		1		10
-0.28647		4.3807		1		0		1		10
-1.0051336		9.3807		0		1		1		10
2.1090738		19.3807		1		0		1		10
0.2724899		0.3807		0		1		1		10
1.470262		2.3807		0		1		1		10
2.2687768		29.3807		1		0		1		10
0.5918958		2.3807		0		1		1		10
-0.6857277		-8.6193		0		1		1		10
0.112787		-8.6193		0		0		1		10
0.7515988		-2.6193		0		1		1		10
0.4321929		5.3807		0		0		1		10
1.1508561		3.3807		1		0		1		10
1.3904105		25.3807		1		0		1		10
1.7098164		5.3807		1		0		1		10
0.9911532		7.3807		1		0		1		10
-0.1267674		-14.6193		0		1		1		10
-1.0849851		-27.6193		0		0		1		10
1.7896679		5.3807		0		1		1		10
1.3904105		6.3807		0		1		1		10
0.1926384		7.3807		0		1		1		10
-1.1648365		-18.6193		0		1		1		10
0.9113017		8.3807		0		1		1		10
-0.2066188		12.3807		0		1		1		10
1.5501135		11.3807		1		0		1		10
-0.1267674		-18.6193		0		0		1		10
1.2307076		15.3807		1		0		1		10
-0.4461733		-9.6193		0		1		1		10
-1.4842424		-21.6193		0		0		1		10
1.1508561		-1.6193		0		1		1		10
0.4321929		7.3807		1		0		1		10
0.5918958		7.3807		0		1		1		10
0.3523414		-3.6193		0		1		1		10
0.112787		-6.6193		1		0		1		10
0.1926384		9.3807		0		1		1		10
0.112787		0.3807		0		1		1		10
-0.6058762		-8.6193		0		0		1		10
1.3904105		12.3807		1		0		1		10
0.3523414		-13.6193		0		1		1		10
1.7098164		11.3807		1		0		1		10
0.3523414		0.3807		1		0		1		10
0.5918958		6.3807		1		0		1		10
-0.0469159		4.3807		0		1		1		10
0.0329355		6.3807		0		1		1		10
1.8695194		0.3807		1		0		1		10
0.5918958		-4.6193		0		1		1		10
0.9113017		10.3807		1		0		1		10
0.112787		13.3807		0		1		1		10
1.94937		17.3807		0		1		1		10
-0.206618		5.3807		0		1		1		10
-0.126767		15.3807		1		0		1		10
-0.28647		-0.6193		0		1		1		10
-0.206618		-9.6193		0		1		1		11
2.109073		37.3807		1		0		0		11
-1.40439		4.3807		0		1		1		11
1.150856		18.3807		1		0		0		11
-0.046915		22.3807		0		1		1		11
-0.366321		7.3807		0		1		1		11
0.591895		-0.6193		1		0		1		11
0.432192		16.3807		0		1		0		11
0.512044		-6.6193		0		1		0		11
0.512044		16.3807		1		0		1		11
-0.206618		-3.6193		0		1		1		11
-1.084985		-2.6193		0		1		1		11
-0.605876		6.3807		0		1		1		11
-1.244688		6.3807		1		0		0		11
-0.28647		-7.6193		0		1		0		11
-0.765579		4.3807		0		1		0		11
1.071004		12.3807		0		1		0		11
-0.446173		3.3807		0		1		0		11
-1.084985		-13.6193		0		1		0		11
1.230707		17.3807		1		0		1		11
0.83145		4.3807		0		1		1		11
-1.40439		-26.6193		0		0		0		11
-0.526024		-23.6193		0		0		0		11
-0.446173		0.3807		0		1		1		11
0.032935		3.3807		1		0		0		11
0.751598		6.3807		1		0		0		11
-1.244688		-12.6193		0		1		0		11
0.751598		-1.6193		1		0		0		11
0.83145		-2.6193		0		0		0		11
0.112787		2.3807		0		1		1		11
-0.046915		-0.6193		0		1		1		11
0.032935		-5.6193		0		1		1		11
0.352341		8.3807		1		0		0		11
-0.366321		-5.6193		0		1		1		11
-0.526024		5.3807		0		1		0		11
0.352341		10.3807		1		0		1		11
0.591895		-15.6193		1		0		0		11
-1.643945		-21.6193		0		0		0		11
-0.446173		16.3807		1		0		0		11
-1.883499		-8.6193		0		0		1		11
-1.084985		-9.6193		0		0		1		11
-0.765579		3.3807		0		1		0		11
-0.446173		-5.6193		1		0		0		11
-0.92528		9.3807		1		0		1		11
-0.84543		-15.6193		0		1		0		11
-0.605876		1.3807		0		1		0		11
1.789667		11.3807		1		0		1		11
-0.925282		-7.6193		0		1		1		11
-0.84543		-6.6193		0		1		1		11
-0.84543		20.3807		1		0		0		11
-0.605876		1.3807		0		1		1		11
-1.643945		-5.6193		0		1		1		11
-0.126767		20.3807		1		0		1		11
-0.765579		8.3807		1		0		1		11
-1.324539		-3.6193		0		1		0		11
-0.126767		26.3807		1		0		0		11
1.550113		11.3807		1		0		1		11
-1.723796		-11.6193		0		0		0		11
-0.925282		-8.6193		0		1		0		11
-0.925282		-4.6193		0		1		0		11
-0.366321		1.3807		1		0		1		11
-0.925282		-26.6193		0		1		0		11
-1.40439		-17.6193		0		1		0		11
-1.40439		-7.6193		0		1		1		11
0.83145		11.3807		1		0		0		11
-1.883499		-12.6193		0		1		0		11
0.512044		9.3807		0		1		1		11
0.352341		0.3807		0		1		1		11
-0.28647		-19.6193		0		0		1		11
-1.723796		-16.6193		0		0		0		11
-0.685727		-7.6193		0		1		0		11
-1.963351		-9.6193		0		1		0		11
-1.164836		3.3807		1		0		0		11
-0.366321		-1.6193		0		1		1		11
-0.366321		-11.6193		0		1		0		11
1.230707		22.3807		1		0		0		11
-0.046915		6.3807		0		1		1		11
-0.28647		2.3807		1		0		0		11
0.352341		11.3807		0		1		0		11
-0.84543		-10.6193		0		1		1		11
-1.883499		-14.6193		0		0		0		11
-0.366321		-2.6193		0		1		1		11
-1.883499		-21.6193		0		0		0		11
-1.164836		-9.6193		0		1		0		11
0.272489		-1.6193		0		1		1		11
0.192638		1.3807		0		1		1		11
0.192638		23.3807		1		0		0		11
-1.244688		0.3807		0		1		1		11
-1.244688		-3.6193		0		0		1		11
0.192638		18.3807		1		0		1		11
0.512044		-1.6193		0		1		1		12
-1.8834998		-7.6193		0		1		0		12
-0.8454306		5.3807		0		1		0		12
-0.5260247		21.3807		0		1		0		12
-1.0051336		-14.6193		0		0		1		12
0.9911532		-20.6193		0		0		0		12
-0.2864703		14.3807		1		0		0		12
-1.5640939		-12.6193		0		1		1		12
0.7515988		2.3807		1		0		1		12
-0.5260247		6.3807		1		0		0		12
0.9911532		-1.6193		0		1		1		12
-0.7655792		7.3807		0		1		1		12
0.8314502		12.3807		0		1		1		12
-1.8036483		-12.6193		0		0		1		12
-2.0432027		-27.6193		0		0		1		12
0.9911532		18.3807		1		0		0		12
-0.7655792		1.3807		0		1		1		12
-1.0051336		-2.6193		0		1		1		12
-1.0051336		-18.6193		0		1		0		12
0.0329355		4.3807		0		1		1		12
-1.8834998		1.3807		0		0		1		12
-0.2864703		-7.6193		0		0		1		12
-1.9633513		-18.6193		0		0		0		12
1.0710047		-11.6193		0		1		0		12
-1.7237968		3.3807		0		0		1		12
-0.9252821		-20.6193		0		0		1		12
0.4321929		18.3807		1		0		0		13
2.2687768		9.3807		1		0		0		13
-0.1267674		-5.6193		0		1		0		13
1.1508561		-6.6193		0		1		0		13
0.3523414		-0.6193		0		1		0		13
1.7896679		2.3807		1		0		0		13
-0.6857277		-34.6193		0		1		0		13
-1.1648365		-16.6193		0		0		0		13
-0.5260247		-9.6193		0		1		0		13
-0.0469159		-0.6193		0		0		0		13
1.2307076		0.3807		0		1		0		13
2.1090738		15.3807		1		0		0		13
-0.2066188		4.3807		1		0		0		13
-0.4461733		4.3807		0		1		0		13
0.112787		-26.6193		0		1		0		13
-1.3245395		-1.6193		0		1		0		13
1.8695194		-10.6193		0		0		0		13
0.4321929		16.3807		1		0		0		13
2.1889253		8.3807		0		1		0		13
0.6717473		-19.6193		1		0		0		13
-1.9633513		-5.6193		0		1		0		13
-0.36632		2.3807		0		1		0		13
0.671747		6.3807		1		0		0		13
0.192638		0.3807		1		0		0		13
-0.685727		-10.6193		0		1		0		13
-0.84543		-4.6193		0		0		0		13
0.751598		-3.6193		0		1		0		13
-0.685727		-14.6193		0		0		0		13
-1.40439		-15.6193		0		1		0		13
0.83145		-14.6193		0		0		0		13
-0.765579		0.3807		0		1		0		13
-0.526024		1.3807		0		1		0		13
-0.925282		-17.6193		0		1		0		13
1.310559		-8.6193		0		1		0		13
0.991153		-7.6193		0		1		0		13
0.83145		0.3807		0		1		0		13
-1.084985		-7.6193		0		1		0		13
-0.84543		4.3807		0		1		1		14
-0.28647		-18.6193		0		1		1		14
0.352341		-3.6193		0		1		1		14
-0.046915		8.3807		1		0		1		14
0.112787		-11.6193		0		1		1		14
-0.126767		-12.6193		0		1		1		14
-0.446173		-20.6193		0		0		1		14
1.071004		-8.6193		1		0		1		14
-0.28647		13.3807		1		0		1		14
-1.164836		-11.6193		0		0		1		14
-0.84543		-18.6193		0		0		1		14
0.192638		17.3807		0		1		1		14
0.272489		-0.6193		0		1		1		14
-0.046915		3.3807		0		1		1		14
-0.206618		-8.6193		0		1		1		14
-1.643945		-24.6193		0		0		1		14
0.671747		18.3807		1		0		1		14
-1.963351		-20.6193		0		1		1		14
-2.123054		-27.6193		0		0		1		14
-2.123054		-22.6193		0		0		1		14
-0.605876		5.3807		0		1		1		14
-1.564093		-24.6193		0		0		1		14
0.751598		0.3807		0		1		1		14
-1.564093		-30.6193		0		0		1		14
-0.206618		-16.6193		0		0		1		14
-1.244688		-4.6193		0		1		1		14
-1.084985		-8.6193		0		1		1		14
0.352341		15.3807		1		0		1		14
0.032935		-3.6193		0		1		1		14
1.150856		7.3807		1		0		1		14
-0.126767		4.3807		0		1		1		14
-0.84543		-19.6193		0		1		1		14
-1.084985		-22.6193		0		0		1		14
-0.765579		-6.6193		0		1		1		14
0.512044		0.3807		0		1		1		14
-0.126767		1.3807		0		1		1		14
-0.84543		-24.6193		0		0		1		14
-0.28647		-12.6193		0		1		1		14
-0.366321		-5.6193		0		1		1		14
-0.685727		1.3807		0		1		1		14
-0.685727		-6.6193		0		1		1		14
-1.564093		-1.6193		0		1		1		14
0.432192		2.3807		1		0		1		14
-0.28647		0.3807		0		1		1		14
0.192638		15.3807		0		1		1		14
-0.526024		-7.6193		0		1		1		14
-0.765579		-11.6193		0		1		1		14
-0.526024		1.3807		1		0		1		14
0.032935		9.3807		0		1		1		14
0.83145		7.3807		0		1		1		14
-0.046915		-8.6193		0		1		1		14
-0.605876		-5.6193		0		1		1		14
-0.925282		-22.6193		0		0		1		14
0.911301		-1.6193		1		0		1		14
-0.685727		-14.6193		0		1		1		14
0.512044		22.3807		1		0		1		14
-1.084985		-16.6193		0		0		1		14
-0.206618		-17.6193		0		1		1		14
-0.685727		-13.6193		0		1		1		14
-2.123054		-34.6193		0		0		1		14
-0.366321		-2.6193		0		1		1		14
0.591895		-13.6193		0		1		1		14
-0.366321		-7.6193		0		0		1		14
-0.925282		-5.6193		0		1		1		14
-1.564093		-8.6193		0		0		1		14
-0.526024		-20.6193		0		0		1		14
-0.605876		-17.6193		0		0		1		14
-1.40439		3.3807		0		1		1		14
0.192638		-5.6193		0		1		1		14
-1.164836		-13.6193		0		0		1		14
-1.164836		-15.6193		0		0		1		14
-1.963351		-23.6193		0		0		1		14
0.272489		17.3807		0		1		1		14
-0.605876		-24.6193		0		0		0		15
0.352341		2.3807		1		0		0		15
1.310559		-12.6193		0		1		0		15
-0.046915		-13.6193		0		1		1		15
0.192638		2.3807		1		0		1		15
0.59189		-7.6193		0		0		1		15
0.352341		3.3807		0		1		0		15
-0.925282		-8.6193		0		1		0		15
-0.126767		6.3807		1		0		0		15
0.991153		-8.6193		0		1		0		15
-0.925282		-7.6193		0		1		0		15
-1.803648		-19.6193		0		0		0		15
-0.685727		-14.6193		0		0		1		15
-1.164836		-12.6193		0		1		0		15
0.591895		8.3807		0		1		0		15
0.911301		1.3807		1		0		0		15
-0.446173		-6.6193		0		1		1		15
-0.446173		-16.6193		0		1		1		15
1.310559		1.3807		1		0		1		15
0.27249		-6.6193		0		1		1		15
0.192638		-7.6193		0		1		1		15
-1.324539		-31.6193		0		0		0		15
0.27249		-12.6193		0		1		0		15
-0.605876		3.3807		0		1		0		15
1.470262		7.3807		1		0		1		15
-0.685727		-0.6193		0		1		0		15
1.470262		12.3807		1		0		1		15
-1.404391		12.3807		0		1		1		15
0.352341		2.3807		0		1		0		15
1.071004		6.3807		0		1		0		15
-1.164836		4.3807		0		0		0		15
-0.366321		-10.6193		0		1		1		15
-1.164836		-9.6193		0		1		0		15
-1.164836		-6.6193		0		1		1		15
-0.366321		-20.6193		0		1		0		15
-0.366321		-3.6193		0		0		0		15
-1.164836		-5.6193		0		0		1		15
0.83145		7.3807		1		0		0		15
-0.126767		-17.6193		0		0		1		15
-0.366321		-19.6193		0		1		0		15
-0.446173		1.3807		0		1		1		15
-1.005133		-20.6193		0		0		0		15
-1.164836		-6.6193		0		0		0		15
-0.206618		3.3807		0		1		0		15
-0.446173		-13.6193		0		1		1		15
-1.244688		-22.6193		0		0		0		15
-0.84543		-12.6193		0		1		0		15
0.27249		6.3807		0		1		1		15
-0.446173		-29.6193		0		1		1		15
-1.484242		-25.6193		0		0		1		15
0.112787		-10.6193		0		1		0		15
-0.366321		0.3807		0		0		1		15
0.67174		19.3807		0		1		0		15
-0.366321		-10.6193		0		1		0		15
0.991153		-1.6193		1		0		0		15
0.352341		-0.6193		1		0		1		15
-1.723796		-28.6193		0		0		1		15
-0.526024		-2.6193		0		1		0		15
0.671747		-0.6193		0		1		1		15
-0.28647		-10.6193		0		1		1		15
0.591895		9.3807		1		0		1		15
-1.40439		-7.6193		0		1		1		15
1.94937		12.3807		1		0		1		15
-0.446173		-19.6193		0		0		0		15
-1.005133		-18.6193		0		0		0		15
0.591895		-0.6193		1		0		0		15
0.911301		-1.6193		1		0		1		15
-2.043202		-10.6193		0		0		0		15
-0.765579		-6.6193		0		1		0		15
-1.244688		-21.6193		0		1		0		15
-1.803648		-32.6193		0		0		0		15
-0.126767		-0.6193		0		1		0		15
-0.765579		-7.6193		0		1		0		15
-0.765579		-10.6193		0		1		1		15
-1.324539		-19.6193		0		1		0		15
1.629965		9.3807		0		1		0		16
0.112787		-34.6193		0		0		0		16
0.432192		-10.6193		0		1		0		16
0.751598		2.3807		0		1		0		16
-1.883499		-27.6193		0		0		0		16
0.032935		-2.6193		0		0		0		16
-0.685727		-6.6193		0		1		0		16
-1.564093		-22.6193		0		0		0		16
0.192638		2.3807		0		1		0		16
0.512044		-1.6193		0		0		0		16
0.591895		4.3807		0		1		0		16
-1.005133		1.3807		0		1		0		16
-0.84543		0.3807		0		1		0		16
0.991153		13.3807		1		0		0		16
-0.126767		-6.6193		0		1		0		16
0.991153		9.3807		0		1		0		16
-1.005133		-15.6193		0		0		0		16
-1.40439		-29.6193		0		0		0		16
-1.005133		-11.6193		0		0		0		16
0.272489		-17.6193		0		1		0		16
-1.005133		-10.6193		0		1		0		16
0.911301		10.3807		0		1		0		16
0.032935		7.3807		1		0		0		16
-0.84543		-15.6193		0		0		0		16
0.03293		-7.6193		0		1		0		16
-1.084985		-11.6193		0		0		0		16
0.192638		-2.6193		0		0		0		16
0.751598		-8.6193		0		1		0		16
-0.685727		-31.6193		0		0		0		16
1.709816		7.3807		0		1		0		16
-0.366321		-6.6193		0		1		0		16
-1.084985		-8.6193		0		1		0		16
-1.40439		-8.6193		0		0		0		16
-0.605876		-14.6193		0		0		0		16
-1.244688		-1.6193		0		1		0		16
-1.324539		-16.6193		0		1		0		16
0.352341		0.3807		0		1		0		16
-0.206618		-4.6193		0		1		0		16
0.991153		3.3807		1		0		0		16
-1.005133		5.3807		0		1		0		17
-0.925282		11.3807		1		0		1		17
0.352341		-7.6193		0		1		0		17
-0.84543		-0.6193		0		1		1		17
-0.366321		2.3807		0		1		0		17
-1.005133		-18.6193		0		0		1		17
-0.605876		-0.6193		0		1		1		17
0.112787		10.3807		0		1		0		17
-1.643945		-23.6193		0		0		0		17
-1.164836		-4.6193		0		1		0		17
-0.366321		20.3807		1		0		1		17
-1.244688		-6.6193		0		1		0		17
-0.605876		-0.6193		0		1		0		17
-0.765579		-9.6193		0		1		0		17
-1.324539		-9.6193		0		1		0		17
-1.084985		3.3807		1		0		0		17
-1.084985		5.3807		0		1		1		17
-0.526024		-2.6193		0		1		0		17
-1.244688		4.3807		0		1		0		17
0.032935		-1.6193		0		0		1		17
0.192638		10.3807		1		0		1		17
-0.366321		2.3807		0		0		0		17
-1.40439		-12.6193		0		0		0		17
-1.40439		-9.6193		0		0		0		17
-1.723796		2.3807		0		1		0		17
-1.244688		-2.6193		1		0		1		17
0.192638		6.3807		1		0		1		17
-0.28647		-15.6193		0		1		0		17
-1.244688		-15.6193		0		0		1		17
-0.206618		10.3807		0		1		1		17
-1.40439		7.3807		1		0		1		17
-1.484242		5.3807		0		1		0		17
-1.08498		-13.6193		0		0		1		17
-0.28647		8.3807		0		1		0		17
-1.164836		-12.6193		0		0		0		17
-1.244688		-9.6193		0		0		0		17
-1.484242		-19.6193		0		0		0		17
-1.244688		5.3807		0		1		0		17
-0.84543		-1.6193		1		0		1		17
-0.206618		4.3807		0		1		1		17
-0.366321		-4.6193		0		1		1		17
-0.765579		-7.6193		0		1		1		17
-1.40439		-25.6193		0		0		1		17
0.112787		0.3807		0		1		1		17
-0.046915		16.3807		1		0		1		17
-1.963351		-34.6193		0		0		0		17
-0.526024		5.3807		0		1		1		17
-0.605876		-17.6193		0		0		0		17
0.671747		-18.6193		0		0		0		17
-0.925282		-3.6193		0		1		1		17
-1.164836		1.3807		0		1		1		17
-1.005133		4.3807		0		1		1		17
0.192638		-6.6193		0		1		0		17
-1.005133		-7.6193		0		1		0		17
-1.484242		-9.6193		0		1		0		17
-0.526024		-2.6193		0		1		1		17
-1.005133		-8.6193		0		1		0		17
0.751598		12.3807		0		1		1		18
-0.605876		-11.6193		0		1		1		18
1.709816		10.3807		1		0		1		18
0.83145		-17.6193		0		1		1		18
-0.046915		-4.6193		0		1		1		18
-0.046915		7.3807		1		0		1		18
1.230707		3.3807		1		0		1		18
0.671747		10.3807		0		1		1		18
0.192638		-3.6193		0		1		1		18
-0.366321		-9.6193		0		1		1		18
1.150856		-4.6193		0		1		1		18
-0.925282		-16.6193		0		1		1		18
1.709816		14.3807		0		1		1		18
-0.765579		-4.6193		0		1		1		18
-1.084985		-28.6193		0		1		1		18
-0.28647		1.3807		0		1		1		18
0.432192		-8.6193		0		1		1		18
1.550113		4.3807		1		0		1		18
0.192638		-9.6193		1		0		1		18
1.550113		4.3807		0		1		1		18
-1.164836		-22.6193		0		0		1		18
0.512044		-4.6193		0		1		1		18
-0.20661		2.3807		0		1		1		18
-0.206618		-11.6193		0		1		1		18
-0.605876		-11.6193		0		1		1		18
0.352341		-8.6193		0		1		1		18
1.150856		-1.6193		1		0		1		18
0.432192		4.3807		0		1		1		18
0.83145		6.3807		1		0		1		18
-0.765579		0.3807		0		1		1		18
-0.206618		-22.6193		0		0		1		18
0.432192		-9.6193		0		1		1		18
0.512044		5.3807		1		0		1		18
-0.206618		4.3807		0		1		1		18
0.112787		-8.6193		0		0		1		18
1.470262		-3.6193		0		1		1		18
0.911301		13.3807		1		0		1		18
0.83145		-17.6193		0		0		1		18
0.032935		-12.6193		0		0		1		18
1.071004		2.3807		0		1		1		18
0.432192		-5.6193		0		1		1		18
0.112787		-7.6193		0		1		1		18
0.512044		-9.6193		0		1		1		18
-0.925282		-13.6193		0		1		1		18
-0.765579		-10.6193		0		1		1		18
0.83145		8.3807		0		1		1		18
0.591895		16.3807		0		1		1		18
0.272489		-13.6193		0		1		1		18
0.751598		-1.6193		0		1		1		18
-0.84543		-3.6193		0		1		1		18
-0.206618		-4.6193		0		1		1		18
1.230707		10.3807		1		0		1		18
1.709816		5.3807		1		0		1		18
0.032935		-3.6193		0		1		1		18
1.230707		-0.6193		0		1		1		18
0.911301		-26.6193		0		0		1		18
-0.28647		-13.6193		0		0		1		18
-1.164836		-13.6193		0		1		1		18
1.150856		-12.6193		0		1		1		18
-1.244688		-11.6193		0		0		1		18
0.591895		8.3807		1		0		1		18
-0.526024		8.3807		0		1		1		18
-0.605876		-4.6193		0		1		1		18
0.112787		-6.6193		0		1		1		18
2.029222		35.3807		1		0		1		18
-0.526024		0.3807		0		1		1		18
-0.605876		7.3807		0		1		1		18
0.272489		7.3807		0		1		1		18
-1.244688		-22.6193		0		0		1		18
0.19263		-12.6193		0		1		1		18
-0.925282		-22.6193		0		0		1		18
0.591895		6.3807		0		1		1		18
-0.925282		-0.6193		0		1		1		18
-1.564093		4.3807		0		1		1		18
0.272489		-4.6193		0		1		1		18
0.591895		-6.6193		0		1		1		18
0.911301		10.3807		0		1		1		18
0.112787		-8.6193		0		1		1		18
0.032935		-4.6193		0		1		1		18
0.272489		-2.6193		0		1		1		19
0.512044		-0.6193		1		0		1		19
1.071004		2.3807		0		1		1		19
0.272489		1.3807		0		0		1		19
-0.28647		-23.6193		0		0		1		19
1.39041		8.3807		1		0		1		19
-1.244688		-5.6193		0		1		1		19
2.508331		23.3807		1		0		1		19
1.230707		-25.6193		1		0		1		19
-1.564093		-8.6193		0		0		1		19
-0.046915		-3.6193		0		1		1		19
-1.244688		-2.6193		0		0		1		19
0.671747		5.3807		0		1		1		19
-1.643945		-10.6193		0		0		1		19
2.188925		20.3807		1		0		1		19
-1.564093		-4.6193		0		1		1		19
-0.366321		10.3807		0		1		1		19
1.150856		3.3807		1		0		1		19
2.827737		18.3807		1		0		1		19
0.911301		8.3807		1		0		1		19
-1.164836		-1.6193		0		0		1		19
0.911301		10.3807		1		0		1		19
1.071004		2.3807		0		1		1		19
2.188925		10.3807		1		0		1		19
-0.126767		-8.6193		0		1		1		19
1.310559		26.3807		1		0		1		19
1.310559		16.3807		1		0		1		19
1.230707		7.3807		0		1		1		19
0.352341		14.3807		0		1		1		19
-1.244688		-0.6193		0		1		1		19
-1.164836		-11.6193		0		1		1		19
-1.244688		-19.6193		0		1		1		19
1.629965		9.3807		1		0		1		19
1.470262		12.3807		0		1		1		19
-0.28647		-4.6193		0		1		1		19
-1.084985		-3.6193		0		0		1		19
1.150856		35.3807		1		0		1		19
-0.52602		-5.6193		0		1		1		19
2.98744		35.3807		1		0		1		19
3.5464		23.3807		1		0		1		19
2.188925		14.3807		1		0		1		19
0.272489		-1.6193		0		1		1		19
0.751598		3.3807		0		1		1		20
-0.925282		-10.6193		0		0		1		20
0.272489		-6.6193		0		1		1		20
-1.084985		-0.6193		0		1		1		20
-1.005133		-6.6193		0		1		1		20
0.432192		-0.6193		0		1		1		20
-0.28647		3.3807		0		1		1		20
0.991153		1.3807		0		1		1		20
0.991153		-3.6193		0		1		1		20
0.352341		-10.6193		0		0		1		20
-0.925282		-0.6193		0		1		1		20
-0.366321		3.3807		0		1		1		20
-0.685727		-16.6193		0		1		1		20
0.671747		6.3807		0		1		1		20
0.112787		3.3807		0		1		1		20
-1.005133		-13.6193		0		0		1		20
-0.446173		-5.6193		0		1		1		20
-1.005133		-0.6193		0		1		1		20
-0.206618		-27.6193		0		1		1		20
0.272489		-23.6193		0		0		1		20
-0.765579		-2.6193		0		1		1		20
1.39041		6.3807		0		1		1		20
0.352341		-3.6193		0		1		1		20
-0.366321		-21.6193		0		0		1		20
-1.40439		-7.6193		0		0		1		20
1.789667		-0.6193		0		1		1		20
0.671747		-2.6193		0		1		1		20
-0.206618		0.3807		0		1		1		20
0.991153		2.3807		0		1		1		20
0.272489		8.3807		1		0		1		20
0.591895		3.3807		0		1		1		20
-0.046915		-9.6193		0		1		1		20
-1.643945		-15.6193		0		0		1		20
-0.28647		-6.6193		0		1		1		20
-1.164836		-4.6193		0		1		1		20
-0.765579		-12.6193		0		0		1		20
-1.005133		-1.6193		0		1		1		20
-0.765579		-10.6193		0		0		1		20
0.432192		0.3807		0		1		1		20
-0.925282		-13.6193		0		0		1		20
-0.206618		-11.6193		0		0		1		20
-0.84543		-12.6193		0		0		1		20
-0.68572		-6.6193		0		1		1		20
0.032935		0.3807		0		1		1		20
-0.685727		-1.6193		0		1		1		20
0.192638		-20.6193		0		0		1		20
0.991153		-2.6193		0		1		1		20
0.112787		-0.6193		0		1		1		20
-0.925282		-19.6193		0		0		1		21
-0.28647		-21.6193		0		0		1		21
-0.526024		-1.6193		0		1		0		21
-0.84543		-7.6193		0		1		0		21
0.352341		14.3807		0		1		1		21
-1.324539		-30.6193		0		0		0		21
-1.084985		-34.6193		0		0		0		21
0.112787		7.3807		0		1		0		21
-0.366321		-1.6193		0		1		0		21
1.310559		13.3807		0		1		0		21
1.310559		6.3807		0		1		1		21
0.591895		5.3807		0		1		0		21
-0.206618		-14.6193		0		1		0		21
-1.484242		-20.6193		0		0		0		21
-1.324539		-20.6193		0		0		0		21
1.550113		7.3807		1		0		0		21
0.272489		-12.6193		0		0		0		21
-2.123054		-30.6193		0		0		0		21
0.751598		-6.6193		0		1		1		21
0.512044		-5.6193		0		1		0		21
-1.643945		-5.6193		0		1		0		21
1.869519		21.3807		1		0		1		21
-0.28647		-10.6193		0		1		0		21
-1.643945		-19.6193		0		0		0		21
-1.005133		1.3807		0		1		1		21
-0.046915		3.3807		0		1		1		21
-1.723796		-5.6193		0		0		0		21
0.352341		6.3807		0		1		0		21
0.911301		-0.6193		0		1		1		21
-0.605876		-15.6193		0		0		0		21
-0.28647		1.3807		0		1		1		21
0.432192		7.3807		0		1		0		21
-0.605876		-0.6193		0		0		1		21
0.112787		-11.6193		0		0		0		21
-0.206618		-17.6193		0		0		0		21
-0.925282		-21.6193		0		0		0		21
-0.046915		-13.6193		0		1		0		21
1.230707		13.3807		1		0		1		21
0.991153		-5.6193		0		1		1		21
-1.484242		-18.6193		0		1		1		21
0.911301		0.3807		0		1		0		21
-1.64394		-26.6193		0		0		1		21
0.751598		14.3807		1		0		0		22
0.671747		1.3807		0		1		0		22
0.192638		1.3807		1		0		0		22
-1.244688		-0.6193		0		1		0		22
-1.244688		-18.6193		0		0		0		22
-0.526024		-14.6193		0		1		0		22
-0.28647		-10.6193		0		0		0		22
0.112787		1.3807		0		0		1		22
0.991153		17.3807		1		0		0		22
0.432192		-13.6193		0		1		1		22
1.150856		7.3807		1		0		0		22
-0.84543		-4.6193		0		1		1		22
-0.765579		-2.6193		0		1		0		22
0.112787		-5.6193		0		1		0		22
0.991153		17.3807		0		1		0		22
0.192638		8.3807		1		0		1		22
-0.28647		-2.6193		0		0		1		22
1.150856		15.3807		0		1		0		22
1.310559		26.3807		1		0		1		22
0.911301		1.3807		0		1		1		22
-0.526024		-0.6193		0		1		0		22
-0.28647		-6.6193		0		0		1		22
0.591895		7.3807		1		0		1		22
-0.126767		-4.6193		0		0		0		22
-0.366321		1.3807		0		1		1		22
-1.244688		-21.6193		0		0		1		22
-0.28647		-12.6193		0		0		1		22
0.83145		4.3807		1		0		1		22
0.591895		5.3807		0		1		0		22
-0.685727		-4.6193		1		0		0		22
-0.126767		1.3807		0		1		1		22
-1.244688		-1.6193		0		1		0		22
-1.084985		-2.6193		0		0		1		22
0.591895		12.3807		1		0		1		22
2.268776		4.3807		1		0		0		22
-1.324539		-33.6193		0		0		0		22
1.39041		1.3807		1		0		0		22
0.032935		20.3807		1		0		0		22
0.911301		29.3807		1		0		0		22
-0.685727		-1.6193		0		0		0		22
0.192638		5.3807		1		0		1		22
0.991153		3.3807		1		0		1		22
-0.925282		0.3807		0		1		0		22
0.512044		-4.6193		0		1		0		22
-0.206618		-5.6193		0		1		0		22
1.789667		3.3807		0		1		1		22
1.31055		3.3807		0		1		1		22
1.709816		15.3807		0		1		0		22
1.789667		-1.6193		0		1		0		22
-0.28647		-4.6193		0		1		1		22
0.352341		-12.6193		0		1		1		22
-0.84543		-1.6193		0		0		0		22
2.188925		4.3807		1		0		0		22
-0.84543		-5.6193		0		1		1		22
0.032935		-0.6193		0		1		1		22
0.432192		3.3807		0		1		1		22
-0.765579		11.3807		1		0		0		22
0.751598		1.3807		1		0		1		22
0.112787		2.3807		1		0		0		22
0.911301		14.3807		1		0		0		22
1.39041		11.3807		0		1		0		22
-0.84543		-2.6193		0		0		0		22
-0.28647		-1.6193		0		1		0		22
-0.765579		1.3807		0		1		1		22
0.432192		-2.6193		0		1		0		22
0.671747		23.3807		1		0		0		23
0.192638		-5.6193		0		1		0		23
-0.28647		4.3807		0		0		0		23
-2.043202		-21.6193		0		1		1		23
-1.883499		-30.6193		0		0		0		23
0.83145		2.3807		0		1		0		23
-1.643945		-14.6193		0		0		1		23
1.789667		2.3807		0		1		1		23
-0.605876		11.3807		0		1		0		23
1.230707		-1.6193		0		1		1		23
-2.123054		-9.6193		0		0		0		23
0.352341		6.3807		1		0		0		23
-1.324539		-13.6193		0		0		0		23
-1.484242		-26.6193		0		0		1		23
1.550113		12.3807		1		0		0		23
1.709816		11.3807		1		0		0		23
1.789667		17.3807		1		0		0		23
-1.484242		-33.6193		0		0		0		23
-1.40439		-5.6193		0		1		0		23
1.709816		29.3807		1		0		0		23
-0.28647		-8.6193		0		1		0		23
-1.164836		-26.6193		0		0		1		23
-0.685727		3.3807		0		1		0		23
0.671747		-16.6193		0		1		0		23
0.671747		5.3807		0		1		1		23
-0.366321		-4.6193		0		1		1		23
-0.366321		-5.6193		0		1		1		24
0.512044		-6.6193		0		1		1		24
0.11278		-1.6193		0		1		1		24
1.071004		6.3807		0		1		1		24
0.751598		-1.6193		0		1		1		24
1.629965		2.3807		0		1		1		24
-0.046915		7.3807		0		1		1		24
0.991153		11.3807		0		1		1		24
0.591895		-1.6193		0		1		1		24
0.911301		-2.6193		0		1		1		24
0.83145		16.3807		1		0		1		24
0.591895		-5.6193		0		1		1		24
-0.28647		-2.6193		0		1		1		24
0.192638		-11.6193		0		0		1		24
-1.005133		-2.6193		0		1		1		24
-0.28647		-0.6193		0		1		1		24
-0.526024		-4.6193		0		1		1		24
1.150856		1.3807		1		0		1		24
1.230707		20.3807		0		1		1		24
-0.685727		-11.6193		0		1		1		24
-0.526024		-2.6193		0		1		1		24
-0.126767		-13.6193		0		1		1		24
1.150856		-15.6193		0		1		1		24
-0.28647		7.3807		0		1		1		24
-0.685727		-3.6193		0		1		1		24
-1.005133		1.3807		0		1		1		24
-1.564093		-7.6193		0		1		1		24
1.150856		16.3807		1		0		1		24
-1.084985		-4.6193		0		0		1		24
0.272489		0.3807		1		0		1		24
-0.685727		-3.6193		0		1		1		24
1.230707		-6.6193		0		1		1		24
1.629965		20.3807		1		0		1		24
0.512044		-8.6193		0		1		1		24
0.83145		12.3807		0		1		1		24
0.432192		1.3807		1		0		1		24
0.272489		-17.6193		0		1		1		24
-0.206618		-3.6193		0		1		1		24
-0.206618		-18.6193		0		1		0		25
-1.564093		-13.6193		0		1		0		25
1.310559		23.3807		1		0		0		25
-1.564093		-15.6193		0		1		0		25
0.112787		-9.6193		0		1		0		25
-1.564093		-10.6193		0		0		0		25
1.789667		4.3807		0		1		0		25
-0.84543		-21.6193		0		0		0		25
-0.925282		4.3807		0		1		0		25
1.39041		-17.6193		0		1		0		25
-0.366321		-5.6193		0		1		0		25
-0.84543		-0.6193		1		0		0		25
-0.765579		9.3807		0		1		0		25
-0.765579		-15.6193		0		0		0		25
0.591895		-5.6193		0		1		0		25
-1.723796		-16.6193		0		0		0		25
-1.723796		-17.6193		0		1		0		25
-1.643945		-0.6193		0		1		0		25
0.512044		13.3807		0		1		0		25
-1.084985		13.3807		1		0		0		25
0.352341		3.3807		1		0		0		25
0.911301		-7.6193		0		1		0		25
0.83145		17.3807		1		0		0		25
-1.484242		-3.6193		0		1		0		25
-0.446173		11.3807		0		1		0		25
-1.084985		-3.6193		0		1		0		25
-1.803648		-9.6193		0		0		0		25
0.512044		8.3807		0		1		0		25
0.512044		8.3807		1		0		0		25
-0.685727		5.3807		0		1		0		25
-0.765579		-3.6193		0		1		0		25
-0.046915		6.3807		1		0		0		25
-0.526024		-5.6193		0		1		0		25
-1.484242		-19.6193		0		0		0		25
-1.164836		-30.6193		0		1		0		25
2.268776		10.3807		1		0		0		25
1.071004		19.3807		1		0		0		25
1.150856		8.3807		1		0		0		25
0.192638		13.3807		0		1		0		25
-0.925282		-0.6193		0		1		0		25
0.911301		16.3807		1		0		0		25
0.751598		16.3807		1		0		0		25
0.591895		7.3807		1		0		0		25
-0.28647		2.3807		0		1		0		25
0.991153		13.3807		1		0		0		25
0.112787		-1.6193		0		1		0		25
-0.446173		2.3807		0		1		0		25
0.512044		-31.6193		0		1		0		25
0.751598		5.3807		0		1		0		25
0.192638		-0.6193		0		1		0		25
1.94937		21.3807		1		0		0		25
-0.605876		21.3807		1		0		0		25
0.272489		-10.6193		0		1		0		25
0.192638		-13.6193		0		1		0		25
2.268776		36.3807		1		0		0		25
0.83145		-2.6193		0		1		0		25
0.751598		21.3807		1		0		0		25
-0.126767		-13.6193		0		1		0		25
-0.20661		-0.6193		1		0		0		25
-0.28647		-26.6193		0		0		0		25
-0.126767		-13.6193		0		1		0		25
-1.324539		-13.6193		0		1		0		25
-0.84543		-13.6193		0		1		0		25
0.032935		-0.6193		0		1		0		25
0.671747		25.3807		1		0		0		25
-1.643945		-4.6193		1		0		0		25
0.432192		6.3807		0		1		0		25
0.192638		17.3807		1		0		0		25
-0.925282		-13.6193		0		0		0		25
-0.765579		2.3807		0		0		0		25
0.751598		20.3807		1		0		0		26
0.112787		-23.6193		0		0		0		26
-0.685727		-6.6193		0		1		0		26
-0.366321		-7.6193		0		1		0		26
0.272489		-5.6193		0		0		0		26
-0.126767		3.3807		0		1		0		26
-1.803648		-24.6193		0		0		0		26
-1.484242		-24.6193		0		0		0		26
-1.164836		-13.6193		0		0		0		26
-0.765579		-25.6193		0		0		0		26
0.112787		-13.6193		0		1		0		26
-0.765579		13.3807		0		1		0		26
-0.685727		-6.6193		0		1		0		26
-0.765579		-25.6193		0		0		0		26
-1.244688		-28.6193		0		0		0		26
-0.925282		7.3807		0		0		0		26
0.112787		-2.6193		0		0		0		26
-1.643945		1.3807		0		1		0		26
-1.40439		-5.6193		0		1		0		26
-0.28647		1.3807		0		1		0		26
0.192638		-12.6193		0		1		0		26
-0.046915		-1.6193		0		1		0		26
0.591895		-2.6193		0		1		0		27
-1.564093		-25.6193		0		0		1		27
1.230707		9.3807		1		0		1		27
0.911301		3.3807		0		1		0		27
-0.925282		-1.6193		0		1		1		27
-0.28647		-10.6193		0		1		1		27
0.911301		11.3807		1		0		1		27
-0.28647		-10.6193		0		1		1		27
1.150856		7.3807		1		0		1		27
-0.046915		1.3807		0		1		0		27
0.432192		23.3807		0		1		0		27
-0.126767		-9.6193		0		1		0		27
1.869519		7.3807		1		0		1		27
-0.92528		-9.6193		0		1		0		27
-0.925282		5.3807		0		1		1		27
-0.84543		-7.6193		0		1		0		27
0.591895		-4.6193		0		1		0		27
-1.244688		-6.6193		0		0		0		27
-0.925282		-11.6193		0		1		1		27
2.188925		25.3807		1		0		1		27
0.751598		15.3807		1		0		0		27
-1.723796		-22.6193		0		0		1		27
1.629965		7.3807		0		1		1		27
0.991153		17.3807		1		0		0		27
0.112787		-13.6193		0		1		0		27
-0.84543		-13.6193		0		1		0		27
-1.723796		-29.6193		0		0		0		27
-0.605876		6.3807		0		1		1		27
0.112787		5.3807		0		1		0		27
-1.084985		-0.6193		0		1		1		27
-1.244688		-19.6193		0		0		0		27
-1.244688		-23.6193		0		0		1		27
0.032935		4.3807		0		1		0		27
0.432192		14.3807		0		1		0		27
-1.643945		-2.6193		0		0		1		27
-1.244688		-16.6193		0		1		0		27
1.39041		20.3807		0		1		0		27
-0.925282		-11.6193		0		1		0		27
-1.40439		7.3807		0		1		0		27
0.352341		7.3807		0		1		0		27
1.150856		8.3807		1		0		1		27
-0.366321		-8.6193		0		1		1		27
0.192638		18.3807		0		1		1		27
-1.164836		-4.6193		0		1		1		27
-0.366321		3.3807		0		1		0		27
-1.244688		-3.6193		0		1		0		27
-1.084985		-4.6193		0		0		0		27
1.550113		-0.6193		0		1		0		27
-0.685727		5.3807		0		1		0		27
0.911301		2.3807		0		1		1		27
1.230707		5.3807		1		0		1		27
0.192638		-24.6193		0		0		0		27
-0.925282		-18.6193		0		0		0		27
-1.40439		-13.6193		0		1		0		27
0.751598		-11.6193		0		1		1		28
-0.366321		-0.6193		0		1		1		28
0.751598		7.3807		0		1		1		28
-0.206618		-7.6193		0		0		1		28
0.591895		16.3807		0		1		1		28
0.751598		17.3807		1		0		1		28
-0.36632		-34.6193		0		1		1		28
-0.126767		9.3807		0		1		1		28
-0.685727		-10.6193		0		1		1		28
-0.446173		-8.6193		0		1		1		28
-0.046915		-23.6193		0		0		1		28
-0.925282		-11.6193		0		1		1		28
0.032935		-1.6193		1		0		1		28
-1.244688		-10.6193		0		1		1		28
0.112787		-1.6193		1		0		1		28
-0.126767		-6.6193		0		1		1		28
-0.126767		-2.6193		0		1		1		28
0.432192		5.3807		0		1		1		28
1.94937		24.3807		1		0		1		28
0.83145		1.3807		0		1		1		28
0.112787		19.3807		1		0		1		28
-1.005133		-23.6193		0		0		1		28
2.109073		21.3807		1		0		1		28
-0.84543		-15.6193		0		0		1		28
1.629965		17.3807		1		0		1		28
-0.446173		-4.6193		0		1		1		28
1.39041		14.3807		0		1		1		28
0.751598		-8.6193		0		1		1		28
-0.28647		-20.6193		0		0		1		28
0.512044		0.3807		1		0		1		28
-1.005133		-4.6193		0		0		1		28
-0.28647		-6.6193		0		0		1		28
0.432192		18.3807		0		1		1		28
-0.685727		-5.6193		0		1		1		28
0.272489		0.3807		0		1		1		28
-0.446173		-21.6193		0		1		1		28
1.470262		8.3807		1		0		1		28
0.751598		7.3807		0		1		1		28
0.512044		-11.6193		0		0		1		28
-0.526024		-7.6193		0		1		1		28
1.230707		23.3807		1		0		1		28
-1.005133		-22.6193		0		0		1		28
1.550113		-0.6193		1		0		1		28
0.911301		4.3807		0		1		1		28
-0.366321		-3.6193		0		1		1		28
-1.084985		-0.6193		0		1		1		28
0.352341		-4.6193		0		1		1		28
0.751598		6.3807		1		0		1		28
0.432192		1.3807		0		1		0		29
-1.963351		-18.6193		0		0		0		29
1.071004		29.3807		1		0		0		29
1.550113		10.3807		1		0		0		29
0.991153		-0.6193		0		1		0		29
-1.64394		-3.6193		0		1		0		29
-0.765579		-0.6193		0		1		0		29
1.550113		1.3807		0		1		0		29
1.071004		2.3807		0		1		0		29
0.512044		-9.6193		0		1		0		29
1.869519		7.3807		1		0		0		29
-1.164836		-14.6193		0		0		0		29
0.991153		13.3807		0		1		0		29
0.112787		-4.6193		0		1		0		29
-0.84543		10.3807		0		1		0		29
0.192638		16.3807		0		1		0		29
-0.526024		-8.6193		0		1		0		29
-1.164836		-6.6193		0		1		0		29
-2.043202		-25.6193		0		0		0		29
1.869519		8.3807		1		0		0		29
0.032935		-11.6193		0		1		0		29
-1.40439		5.3807		1		0		0		29
0.192638		5.3807		0		1		0		29
0.272489		-9.6193		0		1		0		29
-0.765579		7.3807		0		1		0		29
-1.084985		-18.6193		0		0		0		29
-0.126767		18.3807		0		1		0		29
1.150856		6.3807		1		0		0		29
1.629965		18.3807		1		0		0		29
-0.366321		12.3807		0		1		0		29
1.150856		0.3807		0		1		0		29
-0.925282		-11.6193		0		1		0		29
0.671747		6.3807		1		0		0		29
-1.963351		-27.6193		0		1		0		29
-1.803648		-13.6193		0		0		0		29
0.83145		1.3807		0		1		0		29
0.112787		-2.6193		0		1		0		29
-1.803648		2.3807		0		1		0		29
-0.446173		-9.6193		0		1		0		29
0.991153		20.3807		1		0		0		29
1.230707		-4.6193		0		1		0		29
0.991153		4.3807		1		0		0		29
-0.206618		-6.6193		0		1		0		29
0.671747		4.3807		0		1		0		29
-0.605876		-14.6193		0		1		0		29
1.550113		8.3807		1		0		0		29
-0.28647		9.3807		1		0		0		29
-1.963351		-13.6193		0		0		0		29
1.230707		-0.6193		1		0		0		29
1.39041		5.3807		0		1		0		29
-0.526024		11.3807		0		1		0		29
-1.244688		-25.6193		0		0		0		29
-0.36632		-9.6193		0		0		0		29
1.310559		17.3807		1		0		0		29
-1.963351		-4.6193		0		1		0		29
1.629965		12.3807		0		1		0		29
-1.324539		-22.6193		0		0		0		29
-1.803648		-6.6193		0		1		0		29
-0.28647		0.3807		0		1		0		29
1.869519		18.3807		1		0		0		29
1.470262		31.3807		1		0		0		29
1.550113		18.3807		1		0		0		29
-0.446173		-7.6193		0		1		0		29
-1.963351		-8.6193		0		0		0		29
1.470262		16.3807		0		1		0		29
0.512044		-4.6193		0		1		0		29
-1.883499		4.3807		0		0		0		29
-1.883499		-4.6193		0		1		0		29
-0.605876		8.3807		1		0		0		29
-0.366321		-6.6193		0		1		0		29
-1.084985		15.3807		1		0		0		29
-0.366321		9.3807		0		1		1		30
1.230707		3.3807		1		0		1		30
0.512044		-8.6193		0		0		1		30
1.071004		5.3807		0		1		1		30
-0.765579		-29.6193		0		0		1		30
-1.244688		-34.6193		0		0		1		30
-0.526024		-11.6193		0		0		1		30
-1.244688		-13.6193		0		1		1		30
-0.605876		5.3807		0		1		1		30
-1.40439		-6.6193		0		0		1		30
-0.526024		7.3807		0		1		1		30
0.671747		-22.6193		0		0		1		30
1.94937		-3.6193		0		1		1		30
0.512044		-9.6193		0		1		1		30
0.352341		-11.6193		0		1		1		30
-1.244688		-10.6193		0		1		1		30
-0.366321		-18.6193		0		0		1		30
1.550113		4.3807		1		0		1		30
-1.564093		-9.6193		0		1		1		30
-0.366321		-3.6193		0		1		1		30
0.911301		-2.6193		0		1		1		30
2.348628		9.3807		1		0		1		30
1.629965		6.3807		0		1		1		30
0.671747		-3.6193		0		1		1		30
0.991153		16.3807		1		0		1		30
-0.046915		10.3807		1		0		1		30
0.192638		3.3807		0		1		1		30
-0.366321		-15.6193		0		1		1		30
-0.28647		-27.6193		0		1		1		30
1.310559		-0.6193		0		1		1		30
-0.925282		-19.6193		0		1		1		30
1.310559		10.3807		0		1		1		30
1.310559		3.3807		0		1		1		30
1.629965		9.3807		1		0		1		30
0.991153		3.3807		0		1		1		30
-0.685727		10.3807		0		1		1		30
-0.366321		-2.6193		0		1		1		30
-0.605876		3.3807		0		1		1		30
0.192638		11.3807		0		1		1		30
1.789667		1.3807		1		0		1		30
-1.164836		-14.6193		0		1		1		30
0.032935		9.3807		0		1		1		30
1.789667		7.3807		0		1		1		30
0.112787		1.3807		0		1		1		30
0.272489		3.3807		0		1		1		30
1.39041		-0.6193		0		1		1		30
-1.324539		-13.6193		0		0		1		30
-0.84543		0.3807		0		1		1		30
0.591895		-5.6193		0		1		1		30
-1.084985		-16.6193		0		0		1		30
0.751598		-5.6193		0		1		1		30
0.512044		1.3807		0		1		1		30
-0.206618		2.3807		0		1		1		30
0.991153		5.3807		1		0		1		30
1.071004		11.3807		1		0		1		30
-0.526024		-16.6193		0		0		1		30
0.512044		11.3807		1		0		1		30
0.591895		10.3807		0		1		1		30
0.991153		-9.6193		0		1		1		30
-0.366321		-4.6193		1		0		1		30
-0.843612		2.3807		0		1		0		31
-1.560598		-21.6193		0		0		0		32
-0.285956		2.3807		0		1		0		32
2.183663		20.3807		1		0		0		32
1.148016		12.3807		1		0		0		32
0.112369		3.3807		0		1		1		32
0.59036		11.3807		1		0		1		32
-1.799594		-17.6193		0		0		0		32
0.59036		11.3807		1		0		1		33
-0.684282		-3.6193		0		1		1		34
-0.046961		-4.6193		0		1		1		34
-1.799594		-13.6193		0		1		1		35
0.829355		15.3807		1		0		1		35
-0.684282		-9.6193		0		1		1		36
1.227681		20.3807		1		0		0		37
2.422658		23.3807		1		0		0		37
0.431029		11.3807		1		0		0		37
-1.560598		-6.6193		0		0		0		37
0.032704		15.3807		1		0		1		38
